5.000000000000000000e-01 3.678573180749634162e+02 2.155765764850270116e+01
7.249999999999999778e-01 3.679647870991803984e+02 2.156395568939532836e+01
9.499999999999999556e-01 3.677054267201990569e+02 2.154875631185698026e+01
1.175000000000000044e+00 3.677951182341240042e+02 2.155401253174486698e+01
1.399999999999999911e+00 3.677658541000804462e+02 2.155229755653003920e+01
1.625000000000000000e+00 3.678847145033690254e+02 2.155926316997893721e+01
1.850000000000000089e+00 3.678246261221422628e+02 2.155574179175023275e+01
2.075000000000000178e+00 3.679865687704727293e+02 2.156523216750154148e+01
2.299999999999999822e+00 3.677925612835384186e+02 2.155386268596869215e+01
2.524999999999999911e+00 3.678452590656169718e+02 2.155695095060028876e+01
2.750000000000000000e+00 3.676989097861875848e+02 2.154837439793157117e+01
2.975000000000000089e+00 3.672646684942531579e+02 2.152292641946710816e+01
3.200000000000000178e+00 3.670485286285175448e+02 2.151025990720603787e+01
3.424999999999999822e+00 3.671407675092119689e+02 2.151566541122672049e+01
3.649999999999999911e+00 3.671737679550475946e+02 2.151759934669195573e+01
3.875000000000000000e+00 3.682228982231238774e+02 2.157908185644934562e+01
4.099999999999999645e+00 3.680704166030144506e+02 2.157014592829869670e+01
4.325000000000000178e+00 3.671380355215976010e+02 2.151550530770071390e+01
4.549999999999999822e+00 3.675512937004180003e+02 2.153972360621404647e+01
4.775000000000000355e+00 3.677083268222946799e+02 2.154892626744859641e+01
5.000000000000000000e+00 3.679875937330529041e+02 2.156529223370471371e+01
