5.000000000000000000e-01 2.388791068696503714e+02 1.123457405371001805e+01
7.249999999999999778e-01 2.456850602553648457e+02 1.155466059589401340e+01
9.499999999999999556e-01 2.515043210407568495e+02 1.182834261475308324e+01
1.175000000000000044e+00 2.580117772309500879e+02 1.213439072179784439e+01
1.399999999999999911e+00 2.641068912451328856e+02 1.242104622154193727e+01
1.625000000000000000e+00 2.694703080689967578e+02 1.267328972780007490e+01
1.850000000000000089e+00 2.756692942375462962e+02 1.296483037394999549e+01
2.075000000000000178e+00 2.811318316434795861e+02 1.322173555838542569e+01
2.299999999999999822e+00 2.865969417368779659e+02 1.347876173727793869e+01
2.524999999999999911e+00 2.914141450445408736e+02 1.370531661686080227e+01
2.750000000000000000e+00 2.951467410379297007e+02 1.388086200737162024e+01
2.975000000000000089e+00 2.995746012957122275e+02 1.408910593718789173e+01
3.200000000000000178e+00 3.037300940733489369e+02 1.428454032218620640e+01
3.424999999999999822e+00 3.070847258106408049e+02 1.444230991187282775e+01
3.649999999999999911e+00 3.099742955925262891e+02 1.457820746324666850e+01
3.875000000000000000e+00 3.132887987739675282e+02 1.473408979189032841e+01
4.099999999999999645e+00 3.154663485392241000e+02 1.483650077464221440e+01
4.325000000000000178e+00 3.169463385226673040e+02 1.490610525904283179e+01
4.549999999999999822e+00 3.183301216662392221e+02 1.497118509965533661e+01
4.775000000000000355e+00 3.192975596935130511e+02 1.501668407318303622e+01
5.000000000000000000e+00 3.200546841318894735e+02 1.505229191968865443e+01
