5.000000000000000000e+00 8.320724928325562360e+02 1.331734268087699036e+01 8.499593675288565464e+02 1.496226310643572077e+01 8.281141896028086649e+02 1.279396768712695298e+01 8.588190773386554611e+02 1.555902519061611855e+01
8.500000000000000000e+01 8.164380024931419939e+02 1.323622241034284919e+01 7.744045513405275187e+02 1.317662287300801438e+01 8.305055684006515548e+02 1.317885576932115477e+01 8.411395075845716747e+02 1.447805847661923906e+01
1.650000000000000000e+02 7.661666952566716873e+02 1.279862015865226788e+01 6.145204695731686115e+02 1.016056335282192258e+01 8.316318716688384711e+02 1.324891236408292805e+01 8.362903080008159122e+02 1.358554370516568000e+01
2.450000000000000000e+02 6.882448091926354437e+02 1.124359530387844686e+01 4.221834388673179888e+02 7.359182654824090619e+00 8.327343100441879642e+02 1.336397035477614637e+01 8.351767320976846349e+02 1.322840168791472237e+01
3.250000000000000000e+02 5.941138343842246741e+02 9.697978499868614932e+00 2.470382565540952271e+02 5.175068604139812400e+00 8.328875111425203386e+02 1.331737167684784851e+01 8.327082811585177069e+02 1.332299169315171916e+01
4.050000000000000000e+02 4.906182526334978320e+02 8.367092475243712357e+00 1.276514836107008790e+02 4.281553148162155153e+00 8.306075491911884683e+02 1.303603191678734241e+01 8.317176811854335483e+02 1.344273379630117837e+01
4.850000000000000000e+02 3.905779016441241538e+02 7.249630434795478529e+00 5.629612111353487336e+01 3.730523024614289085e+00 8.319870736664196329e+02 1.345457822164127393e+01 8.290909358465761443e+02 1.336507659900316547e+01
5.650000000000000000e+02 2.969823571708983536e+02 5.877348143188789287e+00 2.175374574691903717e+01 3.480247428401320953e+00 8.329498055449063258e+02 1.309582947699104949e+01 8.297678018938446485e+02 1.268971395773755440e+01
6.450000000000000000e+02 2.163845492132386994e+02 4.864510327086534858e+00 7.376775009892544865e+00 2.996438384130683197e+00 8.304118367084756756e+02 1.305081649517419784e+01 8.302259426059740690e+02 1.279931506346951231e+01
7.250000000000000000e+02 1.516108284766930296e+02 4.171466754399150823e+00 3.403179366480029611e+00 2.572973859196965751e+00 8.291568107496285620e+02 1.302295886087754084e+01 8.309615952383447848e+02 1.345658635275695580e+01
8.050000000000000000e+02 1.017699448956151969e+02 3.702368931285120013e+00 2.915246695837178770e+00 2.320702328441552442e+00 8.291995343105945722e+02 1.322619731350064143e+01 8.316494202982155457e+02 1.316737108531989264e+01
8.850000000000000000e+02 6.543889432705955755e+01 3.806695581579377041e+00 1.911647210778855355e+00 2.208731876278013040e+00 8.286818570527019574e+02 1.318219859288853257e+01 8.287004002440307886e+02 1.304132816585435251e+01
