5.000000000000000000e+00 3.687089788167668303e+02 1.280187226662877436e+02 3.750002428545124076e+02 1.299405296634080003e+02 3.670405474674593052e+02 1.275019110138044454e+02 3.755694818400091890e+02 1.308321671343148864e+02
8.500000000000000000e+01 3.639788758161202509e+02 1.261977543707623397e+02 3.502520359239882168e+02 1.215690306510488199e+02 3.684435150130445322e+02 1.278708204848398111e+02 3.707650056035979560e+02 1.288902980860570722e+02
1.650000000000000000e+02 3.466200756030772254e+02 1.201304694787384477e+02 3.036917002660797493e+02 1.045775903582659367e+02 3.687563373138889347e+02 1.280109074709818344e+02 3.693506763841424458e+02 1.284098801436233543e+02
2.450000000000000000e+02 3.222014569675395705e+02 1.116468987540069264e+02 2.438807081376562849e+02 8.242684493095222820e+01 3.693389951753136415e+02 1.279926337184195262e+02 3.700380400481416245e+02 1.282024958545811160e+02
3.250000000000000000e+02 2.916152309132653500e+02 1.006382079193848114e+02 1.815646246772384416e+02 6.001477769449139998e+01 3.680704429122875467e+02 1.279079013386322572e+02 3.696674352791058595e+02 1.283449332257962396e+02
4.050000000000000000e+02 2.573717712873392429e+02 8.858702600595619003e+01 1.299806041894444490e+02 4.203037333022937361e+01 3.679852935632774233e+02 1.279598358196714827e+02 3.687523389350661205e+02 1.277920826609913973e+02
4.850000000000000000e+02 2.213904950889772181e+02 7.567520996032104108e+01 9.056986850495616181e+01 2.907024244940078717e+01 3.685635105765880439e+02 1.278238160072175305e+02 3.683504299394144255e+02 1.281891533625353929e+02
5.650000000000000000e+02 1.848396375816215880e+02 6.304066659361753722e+01 6.304632218375441255e+01 2.044349927440660153e+01 3.683169330179795224e+02 1.278374746372215043e+02 3.693398269032863368e+02 1.280824818507068983e+02
6.450000000000000000e+02 1.517381891828862592e+02 5.137500368144028329e+01 4.470411894803721964e+01 1.504592764677286709e+01 3.676893913790335660e+02 1.278432599084295873e+02 3.691170843365500218e+02 1.280884842251783766e+02
7.250000000000000000e+02 1.219465911314811137e+02 4.099667301307535183e+01 3.307897887522549496e+01 1.172672681918296966e+01 3.680914241387355901e+02 1.276489620957793250e+02 3.681506877949295813e+02 1.277707177920439676e+02
8.050000000000000000e+02 9.594856536488694587e+01 3.208977334595474673e+01 2.553931364036252916e+01 9.243222547436118930e+00 3.674282846605560735e+02 1.274683463669058909e+02 3.684751509713494784e+02 1.277687298683847246e+02
8.850000000000000000e+02 7.440060436328565174e+01 2.476946879895331577e+01 2.006825746119289988e+01 7.760887598596942105e+00 3.674633742420328986e+02 1.273231923109795218e+02 3.677630347697771072e+02 1.278313130827528568e+02
