5.000000000000000000e+00 3.104767653568967489e+02 7.725312717905667625e+01 3.155454249592451674e+02 7.815831271228634591e+01 3.088856562620900945e+02 7.748831719096388326e+01 3.205938088148712382e+02 7.865542325720625172e+01
8.500000000000000000e+01 3.060599311975513501e+02 7.611876371984510570e+01 2.960099558482821180e+02 7.387097193105513782e+01 3.096445344607390098e+02 7.751061883654358553e+01 3.124017980125693725e+02 7.802337167234003346e+01
1.650000000000000000e+02 2.950923611274774316e+02 7.344414931330386764e+01 2.606639311748220393e+02 6.457683311425292061e+01 3.103722574999956123e+02 7.772629400432380464e+01 3.111201105334181420e+02 7.778630690226549405e+01
2.450000000000000000e+02 2.756348949665111263e+02 6.830804845699260852e+01 2.160134414643278831e+02 5.244384482797663338e+01 3.111048662180712086e+02 7.748486035636909719e+01 3.116819890105816739e+02 7.751430642078706512e+01
3.250000000000000000e+02 2.521121432317374342e+02 6.264619837766400678e+01 1.661753433248218528e+02 4.131733193293864304e+01 3.110571277703792248e+02 7.748379334071272240e+01 3.108680245465485541e+02 7.741206953850405625e+01
4.050000000000000000e+02 2.247470752364087332e+02 5.612389089447445656e+01 1.268842380981010933e+02 3.136207290550839843e+01 3.097372704414015629e+02 7.754042526387316059e+01 3.114326947966467856e+02 7.742072297572956074e+01
4.850000000000000000e+02 1.960175910983161600e+02 4.866646065387166686e+01 9.359058848212765724e+01 2.377998571716517162e+01 3.102348068815751958e+02 7.714337180498660018e+01 3.089571484736763978e+02 7.682451541099509029e+01
5.650000000000000000e+02 1.676182483563315486e+02 4.191055892717238862e+01 6.933351601347023063e+01 1.809829458071475727e+01 3.102843797141638333e+02 7.671740870244980215e+01 3.091800174323130364e+02 7.704247942627503676e+01
6.450000000000000000e+02 1.406124479120817057e+02 3.542999963730968460e+01 5.179807996826784944e+01 1.434106117336692243e+01 3.090797015021010452e+02 7.770603018314692179e+01 3.093725439822352996e+02 7.777226336280364194e+01
7.250000000000000000e+02 1.162979202157167151e+02 2.954284004486819626e+01 3.984144342792696136e+01 1.148568953192199693e+01 3.087396660009828224e+02 7.688714688262599850e+01 3.096445185643497666e+02 7.690050950524471318e+01
8.050000000000000000e+02 9.422554624271711532e+01 2.426030295089240241e+01 3.159211998909002972e+01 9.278642437167938795e+00 3.092363791313131287e+02 7.740749454672696572e+01 3.094722530679105148e+02 7.712619825722318012e+01
8.850000000000000000e+02 7.559820730892747065e+01 1.996025931420214405e+01 2.527832085623066405e+01 7.851234884438061279e+00 3.095465211062061712e+02 7.700988078413494975e+01 3.083454944768042196e+02 7.696640383396362495e+01
