5.000000000000000000e+01 2.030793235224263027e-01 3.208812180909451639e-01 7.538108430178137951e+02 1.191080102701872647e+03 6.141913099983555639e+02 9.704703180744128304e+02
1.000000000000000000e+02 4.387187395119683253e-01 6.932099294607819706e-01 5.887567499935410069e+02 9.302817235174152302e+02 2.352990766791004660e+02 3.717909486345446339e+02
1.500000000000000000e+02 4.188350603318453103e-01 6.617921608530249467e-01 3.905858307528929458e+02 6.171561681768725975e+02 4.830043931900391385e+01 7.631847267453703410e+01
2.000000000000000000e+02 2.598751960123525939e-01 4.106231397745328526e-01 2.168555934182610940e+02 3.426488022459953982e+02 5.447076605084999024e+00 8.606807161642656467e+00
2.500000000000000000e+02 1.220882535671098668e-01 1.929089916181651876e-01 1.020594847999428652e+02 1.612619701124987159e+02 2.734424756783242483e+00 4.320605030170627359e+00
3.000000000000000000e+02 4.690480657933304015e-02 7.411326376530143201e-02 4.050416336819790075e+01 6.399974676844294663e+01 2.446374297854885249e+00 3.865462770833822503e+00
3.500000000000000000e+02 1.334768960177977123e-02 2.109039376254351339e-02 1.365923900427762305e+01 2.158266619104594852e+01 2.857908209860728910e+00 4.515718546161851421e+00
4.000000000000000000e+02 2.631681163834181329e-03 4.158262115664640435e-03 4.132271768330095796e+00 6.529312662193089700e+00 2.007295577647802531e+00 3.171684043713416834e+00
4.500000000000000000e+02 3.960786756596820779e-04 6.258352928356687326e-04 2.742786267895135577e+00 4.333816871849669461e+00 2.426147238950542295e+00 3.833502435399151587e+00
5.000000000000000000e+02 8.535099564915614272e-04 1.348612501466784882e-03 3.063458789337489829e+00 4.840504541987364462e+00 2.372848913438826646e+00 3.749286911554754020e+00
5.500000000000000000e+02 3.983734870931761665e-04 6.294612744240272268e-04 2.647895286781998259e+00 4.183881698355427226e+00 2.327184512968995200e+00 3.677133586479618188e+00
6.000000000000000000e+02 1.358882907111919058e-06 2.147141298847614268e-06 2.573520708327917461e+00 4.066364046063707605e+00 2.572511564131579220e+00 4.064769519287994015e+00
