5.000000000000000000e+01 1.143937032501556317e-01 1.543346022326640143e-02 3.149389517652991231e+02 4.249008159302113086e+01 2.839527951524020182e+02 3.830957513182830354e+01
1.000000000000000000e+02 2.903051061269880107e-01 3.916659904107007428e-02 2.705696437538308601e+02 3.650398331249432715e+01 1.750158905847242181e+02 2.361232051271328203e+01
1.500000000000000000e+02 3.551403574627195470e-01 4.791386610320298722e-02 2.115133541130482513e+02 2.853638657238723297e+01 9.280274103404080677e+01 1.252050918595480233e+01
2.000000000000000000e+02 2.975826369981372510e-01 4.014844926562186056e-02 1.501698055958704572e+02 2.026020362616734971e+01 5.126485516001792320e+01 6.916413058448420692e+00
2.500000000000000000e+02 2.030542362407265489e-01 2.739512218897178358e-02 9.957989827898687452e+01 1.343485135510347561e+01 3.217451952178745955e+01 4.340834793645335310e+00
3.000000000000000000e+02 1.238915254387900899e-01 1.671486170596337209e-02 6.284174151971164690e+01 8.478312097164655725e+00 2.174210888830743116e+01 2.933343035182866210e+00
3.500000000000000000e+02 7.112849668095411193e-02 9.596322114563137634e-03 3.881770951537785663e+01 5.237102731553354040e+00 1.523139038961712899e+01 2.054947528092008646e+00
4.000000000000000000e+02 3.907153553801671897e-02 5.271347744283295597e-03 2.414479702996760935e+01 3.257502414673675517e+00 1.118613387589950392e+01 1.509180552082467264e+00
4.500000000000000000e+02 2.227924653450778086e-02 3.005811119190284972e-03 1.570479018227164758e+01 2.118816400783881448e+00 8.309275486354570361e+00 1.121048353705092371e+00
5.000000000000000000e+02 1.260447094970963341e-02 1.700535916843795743e-03 1.076565804190813402e+01 1.452451930887648679e+00 6.588019258924939336e+00 8.888245619637522577e-01
5.500000000000000000e+02 7.296029675370335060e-03 9.843459961809230933e-04 7.675989380824029595e+00 1.035608371940714978e+00 5.277947066244143670e+00 7.120757855810894155e-01
6.000000000000000000e+02 4.708511800820252419e-03 6.352502587474450919e-04 6.166305479661357225e+00 8.319289230173053662e-01 4.610457239469462287e+00 6.220211986740253884e-01
