5.000000000000000000e+01 1.076471630681983260e-01 1.700909389012396078e-01 2.583898826816916312e+02 4.082762285158070199e+02 2.375149017215653089e+02 3.752921255459598342e+02
1.000000000000000000e+02 2.539948343794640184e-01 4.013317083730087442e-01 2.267238583471433344e+02 3.582414328294540837e+02 1.588683726740299278e+02 2.510244571212558640e+02
1.500000000000000000e+02 3.245931788415284402e-01 5.128826155419982102e-01 1.832503752621273065e+02 2.895499286181179173e+02 9.479883682932471345e+01 1.497895783173575524e+02
2.000000000000000000e+02 2.889786250421163549e-01 4.566088344071165817e-01 1.362954016781039570e+02 2.153573970608336197e+02 5.761555761778648588e+01 9.103708830969557653e+01
2.500000000000000000e+02 2.128798088197390304e-01 3.363667515541134412e-01 9.641548536137760550e+01 1.523440094686548605e+02 3.840968291967269721e+01 6.069030380825789450e+01
3.000000000000000000e+02 1.404793100716084098e-01 2.219682996303430078e-01 6.507963199808985166e+01 1.028309097462175004e+02 2.705387744672538020e+01 4.274724279465962695e+01
3.500000000000000000e+02 8.780955588024146052e-02 1.387459676453237645e-01 4.316312660474574159e+01 6.820111669327575044e+01 1.946958576719339007e+01 3.076346862073938837e+01
4.000000000000000000e+02 5.186050014284913218e-02 8.194364728029721046e-02 2.863161421025376896e+01 4.524019030761481730e+01 1.460198067554229162e+01 2.307227178246448673e+01
4.500000000000000000e+02 3.155251582342236821e-02 4.985544335898636076e-02 1.992363658625970757e+01 3.148090443532689520e+01 1.136994983956760485e+01 1.796541021937421334e+01
5.000000000000000000e+02 1.934222772903288617e-02 3.056223295720763428e-02 1.420980295814873529e+01 2.245260030886183955e+01 8.950119726633060324e+00 1.414188933727004027e+01
5.500000000000000000e+02 1.197808067539177582e-02 1.892630451414162307e-02 1.015294871099998097e+01 1.604245323005910251e+01 6.899366388627504953e+00 1.090153863248435506e+01
6.000000000000000000e+02 7.829367947057779692e-03 1.237101384896363912e-02 8.112364233397881819e+00 1.281817012022233193e+01 5.995956845872020935e+00 9.474080881068559279e+00
